[gd_scene load_steps=15 format=2]

[ext_resource path="res://player/player.tscn" type="PackedScene" id=1]
[ext_resource path="res://player/camera.tscn" type="PackedScene" id=2]
[ext_resource path="res://items/plate/plate.tscn" type="PackedScene" id=3]
[ext_resource path="res://items/mug/mug.tscn" type="PackedScene" id=4]
[ext_resource path="res://scripts/items_bag/items_bag.tscn" type="PackedScene" id=5]
[ext_resource path="res://interface/game_hud/game_hud.tscn" type="PackedScene" id=6]
[ext_resource path="res://stages/playground/playground.gd" type="Script" id=7]
[ext_resource path="res://furnitures/table/table.tscn" type="PackedScene" id=8]
[ext_resource path="res://items/book/book.tscn" type="PackedScene" id=9]
[ext_resource path="res://furnitures/drawer/drawer.tscn" type="PackedScene" id=10]

[sub_resource type="ProceduralSky" id=1]

[sub_resource type="Environment" id=2]
background_mode = 2
background_sky = SubResource( 1 )
ambient_light_color = Color( 0.392157, 0.392157, 0.392157, 1 )
ambient_light_energy = 1.2
ambient_light_sky_contribution = 0.8

[sub_resource type="CubeMesh" id=3]
size = Vector3( 10, 1, 10 )

[sub_resource type="ConvexPolygonShape" id=4]
points = PoolVector3Array( -5, 0.5, 5, 5, 0.5, -5, 5, 0.5, 5, -5, 0.5, -5, -5, -0.5, 5, 5, -0.5, -5, 5, -0.5, 5, -5, -0.5, -5, 5, 0.5, 5, -5, 0.5, -5, 5, 0.5, -5, -5, 0.5, 5, 5, -0.5, 5, -5, -0.5, -5, 5, -0.5, -5, -5, -0.5, 5, 5, 0.5, 5, -5, -0.5, 5, -5, 0.5, 5, 5, -0.5, 5, 5, 0.5, -5, -5, -0.5, -5, -5, 0.5, -5, 5, -0.5, -5 )

[node name="PlaygroundStage" type="Node"]
script = ExtResource( 7 )

[node name="GameHUD" parent="." instance=ExtResource( 6 )]

[node name="WorldEnvironment" type="WorldEnvironment" parent="."]
environment = SubResource( 2 )

[node name="DirectionalLight" type="DirectionalLight" parent="."]
transform = Transform( 0.52435, 0.843196, -0.118648, -0.474402, 0.404994, 0.781615, 0.707107, -0.353553, 0.612373, 0, 4, 0 )
light_energy = 0.25
shadow_enabled = true
directional_shadow_split_1 = 0.2
directional_shadow_split_2 = 0.4
directional_shadow_split_3 = 0.6
directional_shadow_normal_bias = 0.2
directional_shadow_max_distance = 25.0

[node name="Kitchen" type="Spatial" parent="."]

[node name="Drawer" parent="Kitchen" instance=ExtResource( 10 )]
transform = Transform( 0.995373, 0, 0.0960891, 0, 1, 0, -0.0960891, 0, 0.995373, -1.53923, 2.82957, -1.2974 )

[node name="Floor" type="StaticBody" parent="Kitchen"]
transform = Transform( 1, 0, 0, 0, 1, 0, 0, 0, 1, 0, -0.5, 0 )
collision_layer = 3

[node name="MeshInstance" type="MeshInstance" parent="Kitchen/Floor"]
mesh = SubResource( 3 )
material/0 = null

[node name="CollisionShape" type="CollisionShape" parent="Kitchen/Floor"]
shape = SubResource( 4 )

[node name="Table" parent="Kitchen" instance=ExtResource( 8 )]
transform = Transform( 0.36343, 0, -0.931621, 0, 1, 0, 0.931621, 0, 0.36343, 0, 0, 0 )

[node name="ItemsBag" parent="." instance=ExtResource( 5 )]

[node name="Plate" parent="ItemsBag" instance=ExtResource( 3 )]
transform = Transform( -2.58088e-08, -0.590437, -0.807084, 1, -4.37114e-08, 0, -3.52788e-08, -0.807084, 0.590437, 0.0832714, 1.86956, -0.181178 )

[node name="Plate2" parent="ItemsBag" instance=ExtResource( 3 )]
transform = Transform( -2.88851e-08, -0.660814, -0.75055, 1, -4.37114e-08, 0, -3.28076e-08, -0.75055, 0.660814, 0.31263, 1.86956, 0.0446113 )

[node name="Plate3" parent="ItemsBag" instance=ExtResource( 3 )]
transform = Transform( -2.88851e-08, -0.660814, -0.75055, 1, -4.37114e-08, 0, -3.28076e-08, -0.75055, 0.660814, 0.623787, 1.86956, 0.140774 )

[node name="Plate4" parent="ItemsBag" instance=ExtResource( 3 )]
transform = Transform( -2.88851e-08, -0.660814, -0.75055, 1, -4.37114e-08, 0, -3.28076e-08, -0.75055, 0.660814, 0.841453, 1.86956, 0.366013 )

[node name="Plate5" parent="ItemsBag" instance=ExtResource( 3 )]
transform = Transform( -3.14486e-08, -0.719461, -0.694533, 1, -4.37114e-08, 0, -3.0359e-08, -0.694533, 0.719461, 1.11978, 1.86956, 0.525485 )

[node name="Mug" parent="ItemsBag" instance=ExtResource( 4 )]
transform = Transform( 1, 0, 0, 0, 1, 0, 0, 0, 1, -1.10382, 1.73853, 0.954002 )

[node name="Mug2" parent="ItemsBag" instance=ExtResource( 4 )]
transform = Transform( 0.318662, 0, 0.947869, 0, 1, 0, -0.947869, 0, 0.318662, -0.915106, 2.46007, -0.932964 )

[node name="BookItem" parent="ItemsBag" instance=ExtResource( 9 )]
transform = Transform( 0.932582, 0, 0.360957, 0, 1, 0, -0.360957, 0, 0.932582, -1.65158, 1.8911, -0.0124609 )

[node name="PlateItem" parent="ItemsBag" instance=ExtResource( 3 )]
transform = Transform( 1, 0, 0, 0, 1, 0, 0, 0, 1, -1.9316, 2.35071, -0.825353 )

[node name="PlateItem2" parent="ItemsBag" instance=ExtResource( 3 )]
transform = Transform( 0.907865, 0, 0.419262, 0, 1, 0, -0.419262, 0, 0.907865, -1.9316, 2.50738, -0.825353 )

[node name="PlateItem3" parent="ItemsBag" instance=ExtResource( 3 )]
transform = Transform( 0.810625, 0, -0.585566, 0, 1, 0, 0.585566, 0, 0.810625, -1.9316, 2.64598, -0.825353 )

[node name="Player" parent="." instance=ExtResource( 1 )]
transform = Transform( 1, 0, 0, 0, 1, 0, 0, 0, 1, -1.03078, 0.3, -1.47682 )

[node name="CameraBoom" parent="Player" instance=ExtResource( 2 )]
transform = Transform( -0.377421, -0.654811, 0.654811, 0, 0.707107, 0.707107, -0.926042, 0.266877, -0.266877, 0, 0, 0 )
